ABRAMSON       0.002 64.648   5637  0000007
DONOTA         0.000 90.197  85803  0000014
LABAY          0.000 83.080  35401  0000033
HAUMAN         0.000 86.950  56806  0000036
SCHANNO        0.000 82.003  31185  0000057
POORTE         0.000 88.489  69009  0000058
KLINGELHOETS   0.000 87.746  62813  0000079
SIEFKE         0.000 87.421  60252  0000080
KLISH          0.000 85.385  46777  0000084
CIANFLONE      0.000 83.245  36093  0000155
WEISDORFER     0.000 89.288  76269  0000168
PLATTSMIER     0.000 86.676  54892  0000174
KOLUPKE        0.000 89.905  82740  0000177
RASBERY        0.000 87.506  60925  0000202
DEISHER        0.000 82.729  33955  0000223
SAMMUT         0.000 89.529  78797  0000225
KOCHANSKI      0.000 82.611  33491  0000233
CABLE          0.004 57.825   3200  0000260
HUBBARD        0.032 30.888    341  0000274
CLAYBURN       0.000 82.287  32236  0000274
CALCANO        0.000 84.953  44349  0000277
AVARBUCH       0.000 90.434  88286  0000285
DRESCHER       0.000 78.462  20936  0000292
OFALLON        0.000 84.037  39700  0000296
REZAK          0.000 85.892  49792  0000319
REDEPENNING    0.000 85.203  45739  0000320
MARTORELL      0.000 83.547  37430  0000327
BECKELHEIMER   0.000 90.409  88023  0000344
FLICEK         0.000 82.691  33809  0000368
KLUNDER        0.000 81.712  30150  0000406
DIDION         0.000 80.641  26652  0000426
LAMOREAUX      0.001 71.048   9948  0000436
KRULIK         0.000 88.727  71141  0000437
GWIRTZ         0.000 86.959  56873  0000437
LAFERA         0.000 88.714  71027  0000460
MOHAIR         0.000 88.594  69947  0000480
RUUD           0.000 78.298  20566  0000505
HABBYSHAW      0.000 86.959  56869  0000512
KIEFER         0.003 61.521   4333  0000515
DACPANO        0.000 83.227  36018  0000519
FLAX           0.001 77.415  18711  0000522
GULLAGE        0.000 90.046  84221  0000524
DORPINGHAUS    0.000 90.195  85783  0000524
JOBE           0.004 57.683   3163  0000548
MCCORKELL      0.000 86.775  55584  0000565
MALECK         0.000 89.798  81615  0000568
REILLEY        0.001 77.302  18490  0000570
NABORS         0.003 60.446   3964  0000575
FANGMAN        0.000 86.232  51935  0000621
LESTELLE       0.000 88.691  70820  0000625
GALARNEAU      0.000 85.488  47367  0000637
LOUGHNANE      0.000 86.810  55829  0000651
BOTTS          0.002 63.891   5286  0000680
GUALDONI       0.000 90.051  84272  0000710
NINA           0.000 86.721  55212  0000714
MCDAID         0.000 86.006  50514  0000715
ZARILLO        0.000 88.185  66274  0000722
ZUVER          0.000 85.690  48526  0000744
GEIBEL         0.000 77.648  19181  0000764
KATZENBACH     0.000 83.101  35490  0000770
DUDA           0.002 67.419   7159  0000790
NAPENAS        0.000 88.571  69741  0000790
WENDER         0.000 83.346  36523  0000800
ABARE          0.000 80.721  26893  0000807
EARLY          0.006 51.922   1994  0000812
BOW            0.001 70.513   9466  0000818
GENOVESI       0.000 83.666  37964  0000818
FINDLING       0.000 83.186  35847  0000823
SNAPLES        0.000 89.452  77991  0000830
KAME           0.000 88.772  71551  0000842
MINKIN         0.000 84.066  39840  0000865
VILLALVA       0.000 79.752  24112  0000873
SCOULLER       0.000 89.496  78454  0000879
RANDS          0.000 82.488  33010  0000880
ARTEGA         0.000 80.709  26856  0000909
ING            0.000 78.408  20813  0000915
OGLEY          0.000 84.037  39697  0000916
CADIZ          0.001 73.750  12879  0000920
KINARD         0.003 60.579   4008  0000935
KIPKA          0.000 86.089  51035  0000961
JORDE          0.000 87.774  63031  0000962
MOOCHLER       0.000 86.744  55367  0000974
HIDVEGI        0.000 87.813  63334  0000985
MIYOSHI        0.000 82.087  31495  0001012
RYKIEL         0.000 86.625  54541  0001013
MENNELLA       0.000 79.862  24415  0001018
DEASY          0.000 79.673  23904  0001028
PREMER         0.000 87.523  61055  0001039
MOORHOUSE      0.001 77.334  18552  0001041
NYGREN         0.000 79.231  22766  0001044
ANDRY          0.000 80.054  24940  0001044
GEITZ          0.000 81.778  30380  0001079
BERLINGERI     0.000 85.646  48273  0001081
OROSCO         0.003 60.006   3823  0001090
BUTTRY         0.000 79.700  23974  0001105
BUCHLI         0.000 87.153  58227  0001116
RASCHE         0.000 88.465  68787  0001117
MERKLEY        0.001 75.956  16073  0001118
AMOA           0.000 87.232  58777  0001127
GIUFFRIDA      0.000 84.825  43675  0001131
COROLLA        0.000 90.264  86503  0001140
MENSICK        0.000 85.994  50436  0001140
METHVIN        0.000 78.943  22060  0001163
ORROCK         0.000 83.001  35072  0001169
HAUGH          0.001 69.430   8570  0001171
PRIBBENOW      0.000 89.605  79590  0001176
WEATHERALL     0.001 75.680  15624  0001192
BATZRI         0.000 90.412  88059  0001198
WOLMA          0.000 87.269  59062  0001198
ORSINI         0.001 73.014  11986  0001205
HOTZE          0.000 84.778  43433  0001206
HICK           0.001 76.211  16501  0001213
SAENS          0.000 88.417  68363  0001225
GODIN          0.001 67.999   7536  0001231
CLESTER        0.000 84.934  44246  0001266
VEITH          0.001 75.093  14721  0001278
LANTIER        0.000 85.364  46659  0001303
CREMAR         0.000 82.741  34004  0001313
LOFFIER        0.000 89.826  81916  0001315
WILLAIMS       0.001 70.836   9754  0001328
DIEM           0.000 79.059  22340  0001329
VANDUYNHOVEN   0.000 89.328  76687  0001333
STEINBERGER    0.001 76.573  17130  0001358
CHOLICO        0.000 87.120  57995  0001363
MESTRE         0.000 79.547  23574  0001367
PERRA          0.000 83.489  37167  0001368
SOREL          0.000 81.978  31092  0001369
BROWNLOW       0.001 72.663  11587  0001400
MARASCALCO     0.000 88.642  70379  0001406
HEINLE         0.000 83.132  35621  0001416
RINN           0.000 83.982  39431  0001417
SMEAD          0.001 75.702  15660  0001424
STEPPE         0.001 77.030  17967  0001428
LASENBY        0.000 84.132  40156  0001435
CANORI         0.000 90.317  87056  0001436
HUGUS          0.000 89.983  83555  0001465
TREMBINSKI     0.000 89.356  76986  0001508
MALICH         0.000 87.664  62166  0001514
BLAHNIK        0.000 80.352  25789  0001515
MONTALVAN      0.000 78.073  20073  0001547
WALSON         0.000 77.984  19880  0001572
TREICHEL       0.000 82.404  32680  0001588
PFAU           0.000 77.561  19004  0001593
BICKMORE       0.000 82.328  32387  0001593
REBERA         0.000 87.502  60890  0001596
GROEPPER       0.000 84.814  43619  0001607
GSCHWIND       0.000 83.145  35677  0001613
MARSAW         0.000 88.638  70341  0001620
BUDNIK         0.000 86.344  52636  0001640
RUNNER         0.001 73.975  13169  0001641
WOYTOWICZ      0.000 87.267  59042  0001653
SCHMIDT        0.051 25.400    204  0001663
POLANSKY       0.001 77.068  18041  0001689
WEISENBERGER   0.000 78.245  20448  0001714
COXE           0.000 81.835  30580  0001720
SAKO           0.000 85.868  49643  0001731
SUBIA          0.000 80.096  25058  0001765
KOKO           0.000 87.741  62773  0001770
WANDLESS       0.000 87.293  59251  0001801
BOSSON         0.000 89.127  74742  0001813
TAUTUIAKI      0.000 87.362  59791  0001830
ZEMJANIS       0.000 89.241  75779  0001835
ROFF           0.000 79.496  23441  0001861
SCHWARTZE      0.000 83.430  36902  0001871
SCHONAERTS     0.000 88.392  68135  0001890
LABAT          0.001 76.885  17698  0001899
PHEGLEY        0.000 78.320  20616  0001907
THOMPON        0.000 89.375  77184  0001923
LEDENBACH      0.000 89.850  82164  0001927
BREINES        0.000 90.349  87398  0001928
BOYLEN         0.000 84.972  44450  0001929
HAWK           0.007 51.320   1901  0001937
RAGUSA         0.001 72.276  11166  0001939
GIAMBATTISTA   0.000 87.878  63846  0001954
CORBY          0.001 72.492  11399  0001961
SORDIA         0.000 89.444  77903  0001998
ELWELL         0.002 64.360   5501  0002011
NWANKWO        0.000 89.683  80411  0002019
GWATHNEY       0.000 85.453  47169  0002022
WENDT          0.004 57.342   3076  0002033
JAZWA          0.000 84.767  43373  0002051
VIENER         0.000 85.734  48799  0002073
BLASING        0.000 86.370  52804  0002073
KLOTZBACH      0.000 87.746  62808  0002076
GALLERY        0.000 90.104  84830  0002077
POTASH         0.000 84.005  39545  0002095
HEDGLIN        0.000 84.205  40512  0002116
ANASAGASTI     0.000 89.210  75487  0002121
PIRAINO        0.000 79.829  24323  0002131
MUNDT          0.001 72.730  11662  0002137
ARROWSMITH     0.000 80.371  25844  0002169
LALLO          0.000 88.712  71006  0002185
SENETHAVILOUK  0.000 89.489  78374  0002205
CLINKENBEARD   0.000 80.660  26710  0002210
HEMMIG         0.000 90.015  83891  0002223
SCHULTEIS      0.000 87.444  60440  0002244
JENNISON       0.000 79.923  24580  0002250
STILLSON       0.000 78.272  20508  0002259
DRIGGINS       0.000 90.190  85728  0002267
VACHA          0.000 84.461  41769  0002281
GULISANO       0.000 87.848  63616  0002290
CURIO          0.000 89.033  73893  0002327
SCIMECA        0.000 81.182  28357  0002339
THERIAULT      0.003 61.640   4376  0002368
JAKSIC         0.000 89.965  83371  0002376
MCLEAN         0.018 38.571    668  0002384
MOUA           0.002 64.520   5576  0002414
DEFELICE       0.001 68.549   7915  0002433
KREMEN         0.000 89.892  82598  0002448
SHAWN          0.000 78.873  21891  0002465
RAWLINGS       0.004 57.448   3103  0002465
DROSSOS        0.000 90.189  85717  0002469
KOLB           0.004 56.789   2940  0002483
WOHLWENDI      0.000 89.266  76044  0002495
AYOLA          0.000 87.216  58669  0002499
ZODA           0.000 89.236  75722  0002513
MAE            0.001 77.352  18589  0002524
SITZE          0.000 84.518  42066  0002531
MEWBORN        0.000 78.078  20084  0002534
SWYMER         0.000 86.537  53925  0002545
PAWLOSKY       0.000 88.517  69254  0002551
MINUS          0.000 83.530  37351  0002557
MCLAFFERTY     0.000 82.097  31533  0002559
GALIZIA        0.000 82.686  33786  0002571
HAMME          0.000 84.213  40551  0002571
FESUS          0.000 90.136  85165  0002593
HEIBERGER      0.000 84.796  43524  0002593
COTILLO        0.000 87.101  57867  0002595
WEIDOWER       0.000 88.217  66565  0002601
WINBERRY       0.000 82.375  32566  0002601
MOLINARO       0.001 72.291  11182  0002610
GARMEN         0.000 88.901  72711  0002617
LAVERRIERE     0.001 72.886  11838  0002633
PHIPPARD       0.000 86.682  54934  0002646
SIPPLE         0.002 67.365   7125  0002650
WOLLER         0.000 89.265  76028  0002661
SAIS           0.001 76.588  17158  0002672
HARDISON       0.005 55.274   2602  0002690
LUEDECKE       0.000 89.815  81797  0002702
GEDRIS         0.000 90.094  84722  0002704
MAZARIEGO      0.000 82.102  31552  0002706
LEGREE         0.000 78.103  20139  0002722
BEDENBAUGH     0.000 87.198  58546  0002728
KOLKER         0.000 85.380  46751  0002744
LASASSO        0.000 86.838  56027  0002748
SCHWICHTENBER  0.000 81.996  31160  0002809
JOSUE          0.000 84.175  40368  0002830
HASGILL        0.000 87.831  63481  0002845
SCHNEIDERMANN  0.000 86.604  54390  0002854
LEYRA          0.000 86.047  50769  0002890
BUSCHMANN      0.000 81.450  29243  0002911
GENAO          0.001 75.405  15193  0002915
GARNDER        0.000 90.099  84778  0002917
FERGUS         0.001 72.774  11711  0002920
HAGNER         0.000 83.647  37876  0002921
STEINES        0.000 84.501  41977  0002927
SALLING        0.000 83.443  36959  0002929
JETER          0.005 54.411   2430  0002939
BAYSDEN        0.000 90.410  88037  0002944
SCHABER        0.000 78.883  21916  0002965
SHERRETTS      0.000 85.151  45440  0002972
OPELA          0.000 87.571  61435  0002972
COMMENDATORE   0.000 88.013  64912  0002975
POPAT          0.000 85.916  49945  0002982
DANZY          0.000 77.678  19242  0002998
KURELKO        0.000 87.724  62637  0002999
KURUTZ         0.000 84.141  40201  0003000
HELLEN         0.000 79.617  23758  0003007
SHAKER         0.000 88.374  67971  0003038
BRASETH        0.000 87.163  58301  0003043
LAWLEY         0.001 73.352  12387  0003068
GREENWAY       0.001 68.531   7902  0003099
DISCON         0.000 90.204  85872  0003110
BLOSCHICHAK    0.000 88.094  65547  0003110
WAFULA         0.000 89.302  76418  0003115
LOI            0.000 87.684  62325  0003135
KOTHARI        0.000 80.557  26401  0003145
FUGLER         0.000 87.006  57200  0003155
NARRO          0.000 84.641  42710  0003162
SCHIMMEL       0.001 72.708  11637  0003175
CHICO          0.001 71.918  10793  0003190
SUSICH         0.000 87.373  59881  0003191
STEMMER        0.000 86.554  54039  0003191
ANTAO          0.000 90.452  88470  0003195
WHITTENTON     0.000 82.846  34423  0003203
RATKOVICH      0.000 89.580  79330  0003212
GRISTEDE       0.000 90.056  84318  0003229
FELDMEIER      0.000 84.260  40777  0003294
DEASES         0.000 85.558  47769  0003303
BRUNZ          0.000 84.352  41222  0003305
STOW           0.000 78.581  21205  0003309
KAZI           0.000 86.887  56371  0003330
SULTZER        0.000 86.542  53955  0003330
NEVEU          0.001 75.536  15397  0003339
MAHOLMES       0.000 88.653  70477  0003343
RAINEY         0.010 46.213   1261  0003345
WIEGMANN       0.000 82.845  34419  0003357
DEREMER        0.000 79.986  24752  0003358
CALLAN         0.001 68.461   7853  0003359
BALYEAT        0.000 89.183  75241  0003359
SIU            0.001 69.138   8346  0003370
BONVENTRE      0.000 86.362  52750  0003382
KLEY           0.000 84.744  43253  0003390
APPLIN         0.001 75.075  14695  0003393
BIRRELL        0.000 86.373  52820  0003404
MAGELSSEN      0.000 87.669  62202  0003430
RINGQUIST      0.000 86.640  54643  0003432
DELVALLE       0.004 56.187   2800  0003436
KOBYLSKI       0.000 89.909  82781  0003445
GILDEA         0.001 74.433  13781  0003454
KAWA           0.000 81.722  30185  0003466
HENDRIKS       0.000 80.259  25523  0003468
ANDERBERG      0.000 83.316  36394  0003503
BEATY          0.005 54.323   2413  0003508
BUELER         0.000 89.104  74537  0003518
YOXALL         0.000 85.699  48578  0003527
MONAHAM        0.000 89.729  80897  0003559
GLUECK         0.000 78.435  20874  0003579
FOUND          0.000 90.122  85011  0003579
MACCHIARELLA   0.000 89.809  81728  0003582
KAGIMOTO       0.000 89.949  83199  0003589
CRUPPER        0.000 88.000  64806  0003611
DUFEK          0.000 83.708  38150  0003646
MUNCEY         0.000 83.019  35147  0003650
LAYHER         0.000 88.700  70903  0003656
BUCKSON        0.000 81.452  29251  0003682
GAMONS         0.000 86.202  51746  0003690
TIBERI         0.000 85.771  49036  0003716
CORMICAN       0.000 90.265  86509  0003722
HOU            0.001 75.585  15474  0003722
DAVEL          0.000 90.239  86238  0003747
BOMBERGER      0.001 76.282  16622  0003748
HOMMA          0.000 86.133  51308  0003752
KRONBERG       0.000 84.734  43199  0003767
ZUBROWSKI      0.000 88.177  66202  0003784
KRAGER         0.000 85.376  46728  0003785
HEASLEY        0.001 76.675  17313  0003807
YOURSHAW       0.000 87.259  58984  0003831
GIARRUSSO      0.000 81.774  30367  0003840
GILLAN         0.001 76.230  16533  0003846
DAUGHDRILL     0.000 79.674  23908  0003875
PEATMAN        0.000 86.693  55011  0003894
FARNHAM        0.002 67.413   7155  0003905
KILCREASE      0.000 78.396  20786  0003905
SABADOS        0.000 83.445  36970  0003921
SCHEUERS       0.000 89.511  78606  0003926
STERLE         0.000 85.123  45284  0003930
EDD            0.000 87.942  64353  0003950
SPITALE        0.000 86.561  54093  0003953
WISENBAKER     0.000 85.708  48640  0003964
NOWLAN         0.000 82.066  31420  0003975
RADCLIFFE      0.002 64.994   5805  0003981
GALUSKI        0.000 87.890  63942  0003984
MANTOOTH       0.001 69.613   8714  0003990
PERANIO        0.000 78.054  20033  0004003
PALMERIN       0.000 87.560  61350  0004004
SPRENKLE       0.000 83.925  39154  0004038
ARNSPIGER      0.000 85.674  48432  0004059
TOOKMANIAN     0.000 89.364  77066  0004066
KORBAL         0.000 88.737  71231  0004076
BUGGS          0.002 65.752   6193  0004080
CHESEBRO       0.000 83.761  38390  0004091
DESAUTELS      0.000 79.666  23885  0004094
HIBL           0.000 87.813  63339  0004104
GOUPIL         0.000 78.143  20225  0004106
NORDBY         0.000 80.169  25268  0004109
COSTINE        0.000 87.101  57868  0004116
DONNAN         0.000 84.284  40892  0004124
SEVILLANO      0.000 85.156  45468  0004129
MANRRIQUEZ     0.000 83.050  35275  0004140
HOCHNADEL      0.000 85.429  47034  0004153
MONALDI        0.000 86.746  55386  0004154
ORME           0.001 72.125  11007  0004158
SCHAUBHUT      0.000 89.513  78626  0004208
KEESEE         0.001 69.517   8638  0004214
ALLER          0.000 80.377  25861  0004227
HEITMEYER      0.000 83.132  35619  0004248
PEARLE         0.000 87.551  61281  0004254
ADAMAITIS      0.000 84.412  41513  0004258
KUNZELMAN      0.000 86.850  56110  0004266
AMANO          0.000 81.904  30821  0004281
WASHABAUGH     0.000 84.445  41687  0004301
CARABAJAL      0.000 77.693  19271  0004312
ALDERINK       0.000 84.409  41497  0004337
BLOTSKY        0.000 90.373  87645  0004338
STRINGFIELD    0.001 71.264  10150  0004340
HAWSE          0.000 88.835  72116  0004380
MOUSTAFA       0.000 86.738  55326  0004383
HANNAM         0.000 85.447  47133  0004395
GRODER         0.000 88.864  72380  0004403
BOZZELL        0.000 90.355  87458  0004417
GALINSKI       0.000 83.172  35790  0004418
COYCO          0.000 88.005  64849  0004424
FLEMMINGS      0.000 81.791  30426  0004427
HAGENY         0.000 90.040  84151  0004433
GALINOO        0.000 90.105  84837  0004439
SAULSBERRY     0.001 74.164  13417  0004439
LILLICH        0.000 87.692  62385  0004463
GRUENES        0.000 83.146  35680  0004465
BENOY          0.000 82.801  34241  0004475
DUNDERMAN      0.000 88.973  73353  0004476
HANSIS         0.000 88.842  72182  0004476
SUMEY          0.000 88.310  67396  0004480
PAUDA          0.000 82.053  31372  0004494
DUMES          0.000 87.948  64400  0004499
KUHN           0.010 46.291   1269  0004507
STANISLAW      0.000 88.330  67580  0004512
MUNK           0.001 73.657  12763  0004526
REINHEIMER     0.000 88.457  68718  0004528
MARCELLO       0.001 72.873  11824  0004559
STINEHOUR      0.000 89.419  77648  0004576
POINELLI       0.000 89.615  79702  0004584
MASTERMAN      0.000 82.106  31567  0004585
ZELLERS        0.001 69.799   8863  0004588
DIMOCK         0.000 82.259  32131  0004592
COBOS          0.002 66.682   6711  0004597
STACE          0.000 89.434  77802  0004598
CHARON         0.001 75.249  14955  0004616
BHAN           0.000 87.187  58469  0004619
CULNANE        0.000 87.093  57806  0004626
POTTLE         0.000 81.613  29804  0004627
GOLDBLATT      0.001 77.402  18686  0004632
MACKOWIAK      0.000 77.593  19069  0004639
RASNIC         0.000 84.582  42402  0004645
DUARTES        0.000 90.188  85704  0004649
STANFORTH      0.000 79.468  23368  0004652
GIAMPAOLO      0.000 79.026  22261  0004679
LEFEW          0.000 88.697  70875  0004680
HAAK           0.001 75.399  15184  0004712
TAMKIN         0.000 89.390  77342  0004740
DEMARC         0.000 90.225  86091  0004741
PENDEXTER      0.000 84.608  42539  0004743
MCPHAUL        0.000 79.866  24425  0004759
FEIST          0.001 73.559  12640  0004794
WARNELL        0.000 81.115  28134  0004828
STARS          0.000 89.429  77747  0004853
BRAMHALL       0.000 78.210  20372  0004864
LINMAN         0.000 89.832  81975  0004866
SLINGERLAND    0.000 86.572  54165  0004870
CASSARA        0.000 77.690  19266  0004882
QIN            0.000 86.661  54790  0004885
MARBLEY        0.000 88.642  70377  0004892
VENARD         0.000 81.124  28163  0004892
WOON           0.000 83.851  38796  0004899
TYSON          0.013 42.565    934  0004906
BOUGES         0.000 89.126  74729  0004915
HOAGE          0.000 84.196  40465  0004924
DILLY          0.000 83.212  35954  0004926
AHL            0.001 76.996  17903  0004942
STALLARD       0.002 67.453   7180  0004966
KEEFNER        0.000 86.886  56365  0004969
HANN           0.002 66.296   6490  0004972
YEDINAK        0.001 76.770  17484  0004974
DELETTRE       0.000 90.228  86127  0005025
DANA           0.002 67.423   7161  0005032
UPSHUR         0.000 79.759  24131  0005098
VANLEEUWEN     0.000 83.877  38924  0005099
NARR           0.000 89.707  80661  0005101
TOINTON        0.000 87.346  59662  0005105
PODMORE        0.000 87.531  61117  0005106
HAVLIK         0.000 78.721  21532  0005106
BAYNES         0.001 72.374  11271  0005124
SPATAFORE      0.000 87.400  60091  0005125
PLANCARTE      0.000 87.534  61140  0005137
SWEFFORD       0.000 88.305  67356  0005144
GRAHN          0.000 78.142  20224  0005155
KASMAREK       0.000 89.940  83111  0005173
WASSMAN        0.000 84.445  41685  0005188
ADAM           0.005 55.763   2706  0005200
LEVREAULT      0.000 86.047  50771  0005206
OLCUS          0.000 87.575  61466  0005210
STEHNEY        0.000 87.390  60013  0005221
WEDEKIND       0.000 82.851  34441  0005228
TANNEY         0.000 82.415  32722  0005230
ROSHIA         0.000 84.563  42301  0005231
BAINTER        0.001 77.230  18349  0005247
VENTIMIGLIA    0.001 77.257  18402  0005255
TOMCZAK        0.001 76.787  17516  0005261
STROUD         0.010 46.242   1264  0005287
GEY            0.000 87.879  63854  0005300
GERETY         0.000 85.478  47312  0005302
HATZENBUHLER   0.000 87.829  63466  0005311
WOLANSKI       0.000 78.546  21125  0005344
JANELLE        0.001 75.991  16130  0005348
EVANSON        0.000 80.296  25629  0005388
NAVAN          0.000 84.049  39755  0005411
FOLAN          0.000 82.227  32015  0005416
MEHAFFEY       0.001 75.752  15741  0005436
KILBANE        0.000 79.913  24553  0005441
MEDURE         0.000 89.757  81185  0005445
FERDOLAGE      0.000 87.917  64154  0005454
SLAUGH         0.001 71.129  10023  0005463
OLLHOFF        0.000 89.673  80312  0005477
CRUM           0.011 44.570   1103  0005499
RAULS          0.000 81.209  28446  0005511
HANDZEL        0.000 87.838  63536  0005545
OVERSHINER     0.000 89.662  80190  0005570
SLICKER        0.000 84.515  42051  0005582
NISLY          0.000 88.558  69630  0005586
GULA           0.001 75.796  15812  0005595
WHILEY         0.000 83.343  36511  0005620
SILBERBERG     0.000 83.937  39216  0005625
SANKOH         0.000 88.409  68286  0005634
AYDELOTT       0.000 83.818  38646  0005636
ROMANISZYN     0.000 88.437  68540  0005638
HOVERMALE      0.000 81.338  28871  0005656
QUINCI         0.000 85.905  49879  0005694
BABBITT        0.002 64.644   5635  0005699
MEUSEL         0.000 88.606  70060  0005702
LOPP           0.001 76.874  17678  0005712
GLINES         0.001 73.887  13055  0005712
NIHEI          0.000 87.589  61575  0005717
DONEL          0.000 84.888  44008  0005720
SALER          0.000 87.466  60608  0005737
DEFIORE        0.000 87.078  57705  0005741
BOWGREN        0.000 90.356  87464  0005751
DEBRO          0.000 85.557  47764  0005755
PEBWORTH       0.000 82.992  35034  0005779
SORO           0.000 89.443  77899  0005800
MAPES          0.002 64.600   5614  0005811
PRITTS         0.001 77.307  18499  0005812
PLESSIS        0.000 88.496  69065  0005812
BARKDULL       0.000 83.299  36321  0005832
HENNINGTON     0.000 86.147  51400  0005836
GILLOTTI       0.000 87.875  63828  0005842
OSPITAL        0.000 86.707  55113  0005854
PITTELKOW      0.000 86.677  54902  0005859
DEYARMOND      0.000 90.211  85949  0005867
DUPES          0.000 88.972  73342  0005870
WASHUM         0.000 88.221  66595  0005879
CHLEBEK        0.000 87.120  57999  0005910
DEBLANC        0.000 83.730  38251  0005917
FLEXER         0.000 85.498  47424  0005935
CHAUDHRY       0.001 77.444  18769  0005943
REVERMANN      0.000 81.205  28433  0005944
FLOTT          0.000 83.184  35837  0005947
FRANCESCHINA   0.000 90.120  84998  0005951
EILDERS        0.000 90.171  85532  0005951
FRAIOLI        0.000 87.012  57244  0005966
LUCHT          0.001 74.985  14563  0005968
GAUSMAN        0.000 88.899  72686  0005971
FRIEDRICK      0.000 87.898  64009  0005988
BUTTLER        0.001 76.271  16603  0005989
GETTO          0.000 86.192  51684  0006008
MCDOUGALL      0.003 62.353   4643  0006017
SCHAAP         0.000 83.958  39315  0006028
AFZAL          0.000 86.430  53178  0006045
MABRA          0.000 83.055  35298  0006054
PACQUIN        0.000 89.659  80160  0006081
RIDLING        0.000 82.023  31258  0006089
SEGALLA        0.000 79.794  24229  0006097
SERVINO        0.000 86.591  54298  0006101
MCSTAY         0.000 89.760  81218  0006107
BENNETTS       0.000 79.719  24024  0006122
PETRY          0.002 66.992   6895  0006125
FALERO         0.000 85.510  47496  0006149
VIERRA         0.002 65.577   6101  0006155
ARCIA          0.000 84.401  41461  0006162
MILBOURNE      0.000 79.546  23571  0006171
HAW            0.000 82.655  33664  0006177
FRANCIONE      0.000 90.120  84996  0006200
RACICOT        0.000 78.045  20013  0006204
BECERRA        0.006 52.569   2099  0006238
MERKLING       0.000 87.629  61890  0006257
LEITEM         0.000 88.695  70856  0006272
CORGIAT        0.000 87.104  57885  0006284
SPINELLA       0.001 75.907  15992  0006312
BLANDFORD      0.001 76.286  16628  0006312
MOUTOUX        0.000 87.608  61722  0006316
CHABEZ         0.000 85.594  47972  0006317
STOLTENBURG    0.000 83.395  36744  0006317
BUONAMICI      0.000 88.057  65256  0006323
SWINGEN        0.000 89.398  77429  0006341
PONTBRIAND     0.000 78.911  21982  0006344
LARABELL       0.000 89.862  82292  0006371
QUEAR          0.000 85.907  49886  0006387
PIERATT        0.000 85.926  50006  0006409